11 11 16 26 29 15 30 30 15 19 20 25 17 26 27 30 29 11 15 21 29 15 25 15 11 15 23 23 18 20 30 25 18 16 26 20 17 27 18 15 99 22 18 25 28 15 24 24 25 29 24 14 21 25 25 14 24 10 30 21 10 28 21 11 19 15 21 29 29 20 15 27 19 24 25 29 30 17 30 12 
17 14 10 10 15 10 19 20 18 13 10 25 19 24 29 22 16 23 25 30 17 25 12 16 22 28 13 25 24 22 15 14 29 13 27 26 12 25 30 14 30 14 18 29 21 25 23 28 26 13 12 16 14 30 28 10 16 13 23 15 30 30 14 26 27 23 28 10 18 13 18 14 15 14 16 22 22 20 22 20 
20 11 17 30 17 26 14 17 25 29 14 30 24 29 10 12 20 10 14 24 28 27 19 17 10 30 27 17 15 20 19 16 14 16 17 21 28 23 27 29 20 16 22 10 25 10 19 23 13 30 28 26 10 25 21 11 27 27 13 13 20 17 21 22 25 26 17 25 25 23 27 15 27 29 15 21 14 24 22 16 
10 16 23 27 13 28 28 20 20 18 14 14 23 27 13 29 16 19 27 20 28 29 26 21 20 22 15 17 10 23 19 28 25 15 26 28 12 26 11 16 29 13 27 15 26 22 19 30 20 15 27 28 27 14 20 25 11 13 24 28 28 14 29 16 18 17 15 16 10 13 10 14 12 18 24 12 12 15 20 29 
11 21 12 11 97 98 23 12 29 25 25 19 10 13 21 26 15 25 23 22 13 13 19 20 26 29 11 11 20 26 29 25 22 22 21 18 14 25 11 18 22 12 12 14 14 21 19 23 28 19 22 13 28 10 13 26 17 16 29 17 13 10 30 18 24 15 25 15 24 26 18 27 14 95 12 27 22 17 12 28 
28 15 24 15 13 23 10 20 10 29 27 25 16 29 20 26 26 29 22 26 27 26 27 11 23 23 18 14 25 14 13 28 18 29 17 23 27 28 20 16 13 14 12 14 22 23 13 19 18 30 14 15 21 17 11 23 19 22 27 14 29 18 23 21 17 17 17 11 11 23 29 27 12 27 21 29 29 11 25 14 
21 18 12 12 30 22 30 11 14 13 21 30 26 18 16 23 20 29 10 30 27 20 20 21 28 26 22 26 11 22 22 26 24 28 11 10 10 11 20 15 15 23 15 14 17 27 28 22 11 30 14 13 17 18 29 30 28 27 16 19 21 20 12 13 25 30 30 15 27 23 21 29 27 21 14 14 11 19 26 10 
18 17 16 28 10 28 26 14 13 13 14 23 24 19 20 10 23 13 10 26 30 23 29 22 23 19 19 18 28 17 17 25 22 11 23 15 19 30 21 26 18 10 19 21 15 28 21 19 15 16 17 21 24 16 12 22 15 13 10 19 30 20 30 20 21 17 20 21 26 11 23 20 18 27 11 14 11 21 11 21 
16 22 27 18 21 15 19 27 29 11 27 25 12 27 19 30 30 17 29 15 13 17 13 16 12 16 24 28 12 20 15 14 28 26 28 29 13 11 11 29 11 13 25 20 14 24 24 27 28 15 12 13 13 19 26 16 27 26 30 10 19 28 16 11 18 16 11 12 24 28 22 21 21 24 20 14 16 25 21 19 
22 20 17 13 30 17 11 26 19 12 15 18 30 26 24 11 15 30 26 16 29 11 24 20 20 22 16 26 18 10 29 26 27 28 27 10 12 10 13 12 30 27 21 24 24 11 14 17 30 14 17 10 25 18 29 14 30 12 23 12 23 15 17 28 14 23 21 12 16 23 10 30 30 30 20 14 22 25 29 16 
21 14 16 17 21 20 27 25 28 10 16 24 28 17 22 13 30 26 19 19 13 29 18 21 20 19 30 13 28 23 28 29 29 13 20 12 19 25 23 13 27 20 22 22 14 13 20 29 19 17 15 28 28 23 18 23 15 23 27 25 26 10 15 28 29 22 15 28 12 26 20 25 13 12 16 26 18 16 14 29 
26 22 12 17 19 22 24 29 24 20 25 17 23 27 13 11 16 16 30 17 14 13 13 26 28 23 13 12 21 23 22 15 11 23 16 28 18 29 19 23 15 24 20 10 28 27 11 16 18 17 16 29 14 27 24 19 30 11 29 21 10 13 10 12 18 20 14 19 16 22 20 16 30 15 27 25 20 23 21 16 
21 27 19 27 10 30 13 25 25 10 11 24 13 28 17 23 10 19 24 26 24 17 30 30 22 14 14 24 20 10 14 17 23 16 11 13 17 26 10 23 21 14 22 20 28 29 17 20 14 23 21 17 14 12 27 14 21 13 12 15 13 14 12 28 12 28 29 30 19 15 13 10 30 18 14 23 12 11 24 14 
19 17 23 21 21 21 21 28 29 17 25 24 26 23 15 26 25 17 27 29 16 11 28 28 16 25 16 11 13 12 11 11 12 20 19 15 16 18 22 27 29 19 26 29 30 21 27 12 22 24 25 13 23 24 28 15 21 24 11 26 21 15 20 30 16 12 20 10 26 26 25 25 29 30 20 10 30 17 26 18 
18 15 30 24 26 18 29 29 29 13 28 29 14 30 12 20 26 23 22 22 25 26 21 28 10 17 28 21 28 26 15 14 13 20 13 25 26 24 17 25 10 17 25 10 14 17 18 16 21 24 28 30 25 29 17 26 11 17 18 16 26 20 20 29 24 10 14 11 14 22 15 17 29 30 15 13 16 18 27 26 
29 10 14 30 28 18 30 11 19 18 28 22 18 30 15 27 27 17 29 17 18 20 21 27 14 29 19 13 15 10 12 21 13 10 11 15 16 16 23 10 18 19 29 16 19 10 12 26 16 27 15 16 27 21 16 23 30 19 17 24 24 17 30 10 18 25 29 22 28 27 27 22 21 18 28 11 27 28 26 24 
28 15 30 22 20 12 24 24 26 17 30 24 11 15 25 20 29 14 20 23 17 12 11 21 15 21 10 29 17 12 11 20 30 25 19 19 29 16 19 24 29 18 11 27 14 13 28 26 21 22 22 21 21 16 27 11 19 21 11 16 26 27 15 27 13 23 20 15 16 26 14 13 27 27 26 10 13 13 19 10 
13 14 30 29 26 24 26 25 12 21 12 12 29 21 10 23 22 11 14 22 30 28 21 21 30 28 25 27 26 19 18 24 29 16 29 11 15 11 16 21 21 22 13 12 21 27 15 17 30 15 11 27 15 21 14 26 19 16 25 28 19 17 26 13 18 26 16 30 29 20 21 24 10 14 22 16 29 30 27 23 
20 23 20 25 18 13 15 23 21 17 25 24 13 24 19 22 15 17 15 18 30 26 19 23 13 28 30 20 19 29 24 10 30 24 10 20 19 27 18 15 15 30 29 30 29 22 13 12 19 23 24 23 17 11 24 23 20 29 10 13 20 25 23 10 19 30 28 12 28 16 16 11 30 16 24 11 14 19 29 11 
26 12 21 26 21 20 25 22 23 14 15 10 14 28 17 29 14 25 18 11 10 14 21 27 29 13 29 14 24 20 14 13 23 10 10 29 24 11 11 13 21 11 25 16 16 10 22 17 17 17 29 22 13 11 11 14 27 25 28 22 24 20 27 26 11 30 20 10 30 25 14 16 25 19 18 25 18 28 16 29 
18 28 15 12 18 11 27 17 16 29 14 23 21 15 29 25 14 16 28 20 12 30 23 29 28 21 30 17 20 21 12 16 11 25 26 29 24 18 26 19 10 12 16 11 10 18 11 11 21 26 21 29 17 19 30 19 14 29 13 15 21 23 25 18 24 20 28 12 30 25 29 18 28 23 19 19 16 26 15 30 
11 29 10 24 19 24 11 12 27 30 24 11 14 20 24 15 26 22 19 25 16 13 19 19 28 18 12 23 20 20 25 29 17 13 15 29 13 27 16 21 30 23 16 28 20 10 29 20 21 28 15 24 10 23 21 12 24 19 17 30 14 28 11 23 12 24 24 17 25 11 27 26 25 23 29 17 18 10 10 25 
99 30 27 13 20 13 21 12 20 25 23 27 15 18 19 14 17 26 26 14 25 26 30 29 19 16 15 30 21 16 29 19 11 19 17 10 20 23 25 20 20 16 15 19 26 27 22 29 19 24 28 29 10 14 12 15 16 28 24 21 15 10 25 10 19 11 21 23 16 12 16 26 15 11 23 18 13 12 20 30 
12 13 15 20 10 16 10 18 28 15 11 20 12 21 20 27 24 28 24 13 12 30 18 30 30 13 17 14 11 15 14 13 15 13 71 81 91 85 71 84 12 18 18 11 19 27 30 25 18 23 27 14 15 15 22 17 23 28 27 12 23 20 10 17 12 15 22 29 13 16 24 17 16 27 13 30 30 29 12 24 
21 21 19 27 17 11 13 25 16 16 13 10 11 15 28 24 17 28 26 20 15 29 16 19 21 12 26 24 23 22 16 22 28 14 74 81 96 94 84 91 12 29 25 17 13 12 13 19 14 20 26 22 18 14 26 18 22 27 14 14 30 20 23 22 15 23 27 26 27 23 25 18 29 16 20 16 28 13 22 22 
24 18 26 20 12 15 11 12 19 22 14 28 21 19 20 14 11 29 12 14 23 13 12 15 11 13 29 17 22 21 18 20 69 71 69 72 74 73 76 39 28 16 22 24 30 10 23 11 27 30 13 20 18 13 10 21 17 25 10 21 27 18 10 15 22 25 17 14 29 12 23 26 22 27 13 23 16 29 12 29 
18 18 23 24 10 25 25 29 18 11 27 30 18 28 24 10 26 23 21 12 25 10 27 17 12 24 29 17 16 26 19 71 63 64 89 67 64 72 75 22 27 16 15 21 23 10 20 19 29 30 18 21 23 15 10 14 12 29 29 21 29 27 20 23 22 27 20 10 25 21 15 24 27 25 15 20 20 26 14 20 
23 22 14 11 27 25 14 21 24 20 14 29 13 13 14 12 23 20 17 25 14 17 12 18 21 25 27 13 23 10 15 65 58 62 63 59 62 26 67 25 27 12 12 18 28 23 15 26 26 17 19 30 10 11 19 26 12 22 21 15 11 26 19 29 15 15 17 28 26 16 18 92 20 17 10 10 12 14 29 26 
30 25 21 26 11 17 28 14 18 22 29 26 21 20 30 11 30 18 26 18 10 26 17 18 18 22 16 12 21 28 29 58 49 62 57 61 57 47 58 28 13 21 29 19 13 19 23 30 24 30 30 30 12 26 12 21 28 27 23 21 30 14 21 29 14 10 14 25 25 25 23 14 23 18 30 25 23 23 10 99 
30 30 28 13 13 18 30 16 29 12 22 11 10 21 11 23 15 30 13 27 25 15 29 16 23 13 25 17 21 26 16 63 57 47 61 68 74 24 57 19 14 28 19 13 21 29 18 23 30 27 10 19 17 10 16 14 30 14 27 21 18 19 13 27 20 17 12 26 28 16 22 29 18 12 26 27 28 27 10 28 
30 16 25 25 15 21 27 26 24 17 25 22 13 13 21 22 16 21 26 16 15 11 23 21 19 21 10 20 18 25 14 57 24 62 47 87 91 79 63 17 17 13 12 30 13 14 15 12 16 20 19 10 24 17 28 19 19 26 18 10 17 24 21 26 13 17 23 26 27 15 30 21 16 25 11 14 24 13 15 28 
25 18 14 23 18 22 10 25 25 26 23 15 13 10 23 25 26 13 11 21 14 10 27 26 21 13 29 10 15 20 12 78 11 11 23 19 25 13 47 12 18 18 16 18 28 17 22 27 11 27 16 23 26 27 19 20 11 29 22 25 22 23 10 30 16 13 12 27 22 26 27 26 21 26 17 10 12 14 25 15 
29 18 26 28 18 17 19 19 20 24 17 26 20 24 16 14 28 28 27 14 20 28 19 16 14 27 26 29 13 10 74 37 45 11 16 12 14 28 45 20 30 18 15 19 30 24 29 17 16 11 17 27 21 28 18 30 28 18 27 23 20 22 20 18 21 24 24 13 23 30 16 13 22 14 11 14 23 12 11 10 
16 13 19 14 15 28 29 14 16 13 18 13 22 18 25 17 20 16 30 20 12 27 26 22 13 24 11 13 29 65 19 29 19 23 19 28 16 15 26 24 12 19 29 26 23 23 30 14 21 28 21 16 25 29 27 15 21 30 24 20 20 25 29 30 26 28 10 24 20 27 18 25 23 22 13 30 26 10 19 23 
28 14 14 30 30 28 23 25 27 27 13 14 23 15 30 23 19 15 20 25 30 19 30 21 29 18 22 22 87 22 27 24 30 17 10 18 30 15 22 11 30 23 23 12 13 30 23 24 21 24 18 15 13 13 15 26 30 29 21 30 20 30 23 22 16 10 27 23 24 18 16 13 11 20 21 17 21 10 14 13 
20 25 12 10 24 17 17 10 19 22 10 29 26 23 10 22 15 21 22 24 21 19 21 20 25 10 71 97 79 10 14 19 13 27 12 20 10 19 13 19 25 19 20 30 20 26 23 11 10 22 29 22 18 15 16 17 28 13 11 27 24 21 19 19 12 24 26 11 22 21 30 26 29 20 17 23 30 16 26 25 
18 24 13 19 12 22 19 14 17 25 21 29 19 22 10 21 27 25 14 30 16 22 28 15 22 27 86 23 22 22 13 21 27 10 22 27 11 23 28 13 13 19 10 23 22 18 24 22 13 19 30 30 28 19 20 26 23 29 10 27 10 14 12 26 15 11 17 12 12 20 18 13 29 19 16 27 11 17 24 14 
15 16 27 11 10 20 15 18 12 13 17 16 16 28 23 13 16 21 29 16 18 11 25 32 74 57 54 23 18 10 23 17 27 17 17 20 21 16 22 25 11 20 27 23 12 26 12 30 26 23 24 18 15 18 17 27 11 29 21 10 16 23 21 28 19 11 27 16 13 17 11 12 25 13 12 26 23 12 23 19 
11 10 10 29 20 13 16 28 28 28 26 19 12 25 10 21 11 27 24 12 23 25 30 41 42 42 11 20 20 15 26 25 27 10 19 10 26 22 10 21 17 24 12 21 26 26 18 23 15 28 10 19 24 18 23 24 28 17 22 22 17 20 27 29 17 24 16 21 22 10 19 30 30 23 29 27 21 29 15 11 
13 10 19 27 16 10 18 25 14 12 16 15 23 13 15 29 25 19 23 30 13 17 28 27 28 16 22 25 16 30 24 29 20 14 22 15 10 16 17 12 11 20 11 24 15 26 29 20 25 16 22 15 28 30 19 22 14 10 30 20 30 14 19 16 26 18 27 12 24 29 14 19 10 29 12 13 27 27 21 12 
26 29 22 29 11 14 29 26 25 21 29 17 14 10 17 12 29 10 20 10 17 25 19 27 24 17 28 23 29 15 15 17 30 16 29 23 22 21 30 19 17 12 20 12 10 29 19 20 14 13 25 11 10 23 16 11 23 29 11 27 25 23 13 28 14 16 16 29 16 24 16 27 27 17 30 29 28 16 28 23 
18 25 30 29 19 22 26 15 24 13 29 29 16 27 28 16 24 19 16 28 15 27 30 13 25 17 16 27 24 15 14 11 20 11 27 26 21 26 13 15 10 12 30 13 28 28 25 20 10 29 14 27 25 27 19 11 12 19 17 29 12 26 10 30 14 18 15 28 16 20 23 29 27 19 14 21 21 30 18 10 
26 14 29 11 24 13 21 23 19 17 17 25 28 26 30 25 30 12 10 12 13 25 16 15 30 12 17 30 20 11 30 16 13 22 17 29 16 27 12 18 10 29 17 21 21 26 25 10 20 23 12 29 26 13 13 27 11 28 26 23 20 18 11 18 13 24 13 21 14 30 28 30 24 14 17 19 16 21 24 13 
13 18 21 14 28 10 10 22 12 30 22 22 11 11 18 27 14 15 18 28 16 14 21 12 30 14 28 12 24 22 24 22 29 21 18 21 19 21 21 11 14 15 20 26 26 21 17 26 15 15 19 18 17 14 11 20 14 17 22 28 20 26 27 17 12 20 28 24 11 20 23 20 20 11 20 21 21 19 22 17 
11 24 24 17 15 24 13 28 12 26 13 29 26 26 30 24 17 28 22 27 26 12 29 17 25 10 21 23 12 24 10 27 25 11 21 29 21 16 13 13 20 25 21 22 12 22 13 25 14 19 13 26 21 25 15 26 14 25 23 19 16 25 20 18 16 15 23 19 15 23 19 14 10 20 22 25 11 24 26 19 
11 15 13 14 27 14 28 26 29 22 24 10 21 22 25 13 20 20 29 29 10 19 27 24 25 28 23 25 24 13 10 11 27 28 27 12 28 17 17 30 18 19 11 21 17 17 25 15 15 27 11 28 20 23 21 17 19 15 20 29 25 19 30 11 18 14 28 17 27 17 13 11 15 21 14 12 13 16 24 20 
27 21 24 11 22 10 20 17 10 30 15 18 20 17 24 24 10 24 18 16 26 24 10 20 17 19 16 15 23 20 25 14 30 21 18 26 16 16 19 13 14 27 29 22 24 20 18 13 29 12 24 25 21 19 26 30 20 24 20 29 25 20 17 11 12 22 21 11 17 28 17 11 19 30 11 26 18 18 12 16 
13 15 28 27 13 29 10 18 12 30 30 25 29 11 16 17 22 10 21 15 19 17 27 19 25 10 15 21 19 30 13 16 27 20 27 12 17 14 27 15 22 15 23 21 27 18 22 11 27 16 16 28 11 16 24 25 10 19 20 17 11 18 19 12 18 24 14 13 19 28 20 12 22 16 30 27 11 21 21 13 
20 23 30 29 29 25 17 95 15 24 29 14 25 30 15 26 11 18 20 10 11 23 13 24 10 21 30 17 27 20 18 23 11 14 24 19 25 27 12 19 30 26 27 13 25 25 30 18 11 25 10 24 17 28 24 25 29 29 12 26 18 23 12 24 22 23 24 15 15 19 10 29 24 10 28 17 19 19 29 13 
14 28 14 14 26 20 26 95 10 13 12 16 24 10 26 23 30 15 28 16 26 16 18 16 18 15 19 23 27 18 28 12 29 20 29 20 10 30 25 22 28 17 14 24 10 22 21 19 16 15 28 14 10 12 15 13 13 16 30 23 17 13 25 24 18 26 16 20 29 10 26 16 27 15 30 12 15 25 20 21 
28 26 11 10 22 95 95 95 95 95 11 25 10 21 21 27 28 12 15 10 21 15 18 20 16 11 13 28 13 16 30 12 14 11 15 19 23 18 11 13 28 12 10 20 15 16 11 26 12 27 30 23 22 22 21 19 26 13 23 18 21 18 28 17 23 27 19 15 10 21 28 26 27 29 15 27 22 12 23 20 
27 15 16 20 21 16 18 95 27 18 20 14 13 24 30 24 21 20 21 14 25 19 10 10 10 30 30 19 29 16 28 12 18 24 13 15 15 24 24 10 15 20 17 13 27 19 24 20 16 23 17 22 27 26 23 16 23 20 25 15 14 23 28 30 26 13 15 26 12 20 25 26 24 17 16 18 14 28 13 25 
17 19 24 18 12 27 13 95 15 29 30 21 26 23 22 20 27 11 12 29 22 30 20 16 19 20 12 26 20 29 21 12 22 19 29 17 14 19 18 25 10 11 27 22 11 19 21 23 17 16 29 23 21 18 12 16 14 19 16 22 15 14 11 16 23 20 19 13 28 19 27 12 23 10 12 10 30 30 12 20 
10 29 13 19 19 16 20 30 25 21 27 17 11 19 11 17 21 21 13 28 11 11 30 28 22 17 11 22 25 17 15 21 26 12 26 10 23 14 14 12 29 10 24 24 18 17 22 14 30 25 16 12 23 22 23 18 23 27 30 27 15 29 14 14 29 23 27 17 22 11 27 26 29 29 12 17 21 19 24 23 
25 10 27 16 10 26 17 15 20 19 20 16 18 27 12 28 29 10 18 26 29 21 19 14 28 22 24 21 13 21 29 29 17 16 14 20 27 14 18 25 23 23 30 24 13 16 29 11 19 27 29 16 23 15 12 30 27 24 27 29 20 12 13 19 19 20 30 28 20 21 19 17 25 26 25 22 30 26 23 16 
27 22 22 19 10 11 22 22 20 12 29 25 12 16 23 18 18 13 25 16 22 29 10 22 23 19 25 26 15 22 23 11 29 27 17 14 12 16 23 28 10 26 23 29 10 18 27 12 21 22 22 21 23 11 30 20 24 29 30 22 27 15 22 14 26 23 13 27 22 24 22 14 10 26 15 20 24 18 19 19 
21 27 30 23 12 20 12 28 23 12 30 27 28 23 24 11 28 17 10 16 30 24 12 15 29 28 18 12 20 21 21 27 30 30 23 19 13 22 22 12 13 13 29 16 10 29 11 18 27 23 18 23 10 27 13 19 15 12 18 26 23 27 12 29 27 18 29 16 16 26 28 11 27 10 12 24 10 27 10 13 
28 19 23 13 16 24 26 10 21 12 17 12 16 10 11 10 23 13 17 12 13 29 25 23 18 10 12 23 21 19 17 20 14 25 16 23 23 18 28 10 25 12 14 25 22 13 10 11 18 12 22 15 18 27 28 28 17 15 23 25 20 22 24 14 25 30 27 16 14 18 30 28 16 11 28 22 22 15 30 15 
18 12 10 21 10 13 28 23 23 12 26 27 26 30 13 16 28 27 29 17 23 11 29 14 21 24 12 27 10 30 11 29 25 19 17 17 17 26 29 24 26 15 21 28 28 25 14 17 25 17 17 17 16 11 28 13 25 22 17 24 24 11 14 19 13 28 30 30 18 26 30 12 16 19 19 21 30 25 27 13 
17 29 29 16 16 14 16 22 22 26 30 13 22 22 25 21 28 26 21 14 17 12 19 28 13 10 15 25 11 12 30 28 13 16 15 10 18 24 29 16 99 26 10 26 17 27 14 18 22 16 27 27 27 24 25 13 15 12 26 19 15 14 18 11 13 29 17 10 16 22 11 26 13 10 17 16 28 26 10 17 
